1.2057790756225586
0.2084639072418213
0.2132270336151123
0.21103739738464355
0.2100517749786377
0.2119274139404297
0.2099597454071045
0.21422410011291504
0.21229934692382812
0.21141648292541504
0.20527315139770508
0.2155168056488037
0.21058368682861328
0.21251940727233887
0.21374225616455078
0.19408011436462402
0.21036696434020996
0.2131340503692627
0.21086406707763672
0.21150922775268555
0.21209001541137695
0.1963517665863037
0.1965789794921875
0.20699095726013184
0.1955585479736328
0.21321558952331543
0.21114158630371094
0.19951462745666504
0.21367931365966797
0.1960909366607666
0.21165728569030762
0.21077680587768555
0.20982813835144043
0.21368622779846191
0.19695281982421875
0.18723845481872559
0.20966053009033203
0.21018218994140625
0.21026372909545898
0.21024727821350098
0.21087336540222168
0.21090054512023926
0.21040678024291992
0.19693589210510254
0.21106362342834473
0.21289515495300293
0.20628142356872559
0.21665310859680176
0.21233010292053223
0.21244597434997559
0.19598770141601562
0.21120858192443848
0.21213269233703613
0.21290826797485352
0.19694113731384277
0.21142888069152832
0.2120041847229004
0.21176362037658691
0.21032285690307617
0.21090388298034668
0.214524507522583
0.21124744415283203
0.21349191665649414
0.21244430541992188
0.21323680877685547
0.21192455291748047
0.2133188247680664
0.2138385772705078
0.21577239036560059
0.21206283569335938
0.212540864944458
0.21138429641723633
0.21161150932312012
0.21317100524902344
0.21033978462219238
0.20967936515808105
0.20993661880493164
0.2115180492401123
0.20967555046081543
0.21626853942871094
0.2108912467956543
0.19598770141601562
0.21522307395935059
0.2128446102142334
0.2119143009185791
0.21105742454528809
0.2127668857574463
0.21081233024597168
0.21152496337890625
0.19509387016296387
0.21082544326782227
0.2156074047088623
0.21274209022521973
0.21265792846679688
0.21121621131896973
0.21169710159301758
0.21193432807922363
0.21209216117858887
0.2133769989013672
0.21660065650939941
