35.41032099723816
35.20612454414368
70.05218124389648
35.29544925689697
34.56438875198364
34.681782245635986
35.0868558883667
34.94447588920593
34.9710578918457
34.7862446308136
34.980610847473145
34.70652103424072
34.41222143173218
34.93572664260864
35.16409945487976
35.05603384971619
35.03645181655884
35.119340658187866
35.25296068191528
35.226431369781494
34.96365284919739
35.02789068222046
34.98444724082947
34.95059013366699
34.734766721725464
72.29684329032898
34.97314953804016
34.97257161140442
35.216201305389404
34.836198806762695
34.958927154541016
36.05636119842529
35.19573926925659
34.95736050605774
35.01605987548828
33.43135929107666
36.15241265296936
34.922788858413696
35.92545032501221
35.021050214767456
69.81384348869324
35.22133445739746
35.015401124954224
34.89231896400452
35.02221155166626
35.321998596191406
34.94796657562256
34.664602756500244
32.3361759185791
36.10131883621216
34.90299963951111
34.90867233276367
34.81485724449158
35.01906371116638
34.83900189399719
35.014912843704224
69.7922134399414
36.098941802978516
35.91559052467346
34.84684133529663
35.030282735824585
34.85495591163635
34.98619341850281
34.86968421936035
34.75464749336243
34.97868227958679
35.892069578170776
35.117323875427246
35.079498529434204
34.68922305107117
34.76617646217346
35.07750868797302
34.991849422454834
34.715495586395264
70.28302383422852
35.20464539527893
34.85979127883911
35.06388998031616
34.90034055709839
34.81660485267639
35.82202196121216
34.89118981361389
70.1584963798523
34.84499502182007
35.24784016609192
35.248024225234985
34.9163658618927
34.86324119567871
35.08968544006348
34.93574595451355
34.79222631454468
70.04040431976318
34.93607139587402
32.85032248497009
35.23635125160217
35.131773710250854
34.98224949836731
35.054341077804565
35.123995304107666
72.12058639526367
